149
0
0
0
0
70
105
110
100
32
116
104
101
32
52
32
107
110
111
98
115
32
111
110
32
0
149
1
0
0
0
116
104
101
32
98
111
116
116
111
110
32
111
102
32
116
104
101
32
32
32
0
149
1
0
0
0
112
108
97
116
102
111
114
109
32
97
110
100
32
116
105
103
104
116
101
110
0
149
7
0
0
0
102
111
117
114
32
111
114
32
102
105
118
101
32
116
117
114
110
115
46
0
149
0
0
0
0
73
39
109
32
103
111
105
110
103
32
116
111
32
109
111
118
101
32
32
32
0
149
1
0
0
0
116
104
101
32
101
120
116
114
117
100
101
114
32
116
111
32
32
32
32
32
0
149
1
0
0
0
118
97
114
105
111
117
115
32
112
111
115
105
116
105
111
110
115
32
32
32
0
149
7
0
0
0
102
111
114
32
97
100
106
117
115
116
109
101
110
116
46
0
149
0
0
0
0
73
110
32
101
97
99
104
32
112
111
115
105
116
105
111
110
44
32
32
32
0
149
1
0
0
0
119
101
32
119
105
108
108
32
110
101
101
100
32
116
111
32
32
32
32
32
0
149
1
0
0
0
97
100
106
117
115
116
32
50
32
107
110
111
98
115
32
97
116
32
32
32
0
149
7
0
0
0
116
104
101
32
115
97
109
101
32
116
105
109
101
46
0
149
0
0
0
0
78
111
122
122
108
101
115
32
97
114
101
32
97
116
32
116
104
101
32
32
0
149
1
0
0
0
114
105
103
104
116
32
104
101
105
103
104
116
32
119
104
101
110
32
32
32
0
149
1
0
0
0
121
111
117
32
99
97
110
32
106
117
115
116
32
115
108
105
100
101
32
97
0
149
7
0
0
0
115
104
101
101
116
32
111
102
32
112
97
112
101
114
0
149
0
0
0
0
98
101
116
119
101
101
110
32
116
104
101
32
110
111
122
122
108
101
32
32
0
149
1
0
0
0
97
110
100
32
116
104
101
32
112
108
97
116
102
111
114
109
46
32
32
32
0
149
1
0
0
0
71
114
97
98
32
97
32
115
104
101
101
116
32
111
102
32
32
32
32
32
0
149
7
0
0
0
112
97
112
101


32
116
111
32
97
115
115
105
115
116
32
117
115
46
0
131
4
136
0
0
0
20
0
140
0
0
0
0
0
0
0
0
0
0
0
0
0
0
0
0
0
0
0
0
149
2
0
0
0
80
108
101
97
115
101
32
119
97
105
116
0
142
0
0
0
0
0
0
0
0
208
7
0
0
0
0
0
0
0
0
0
0
13
69
3
0
24
132
3
105
1
0
0
20
0
140
165
49
0
0
148
27
0
0
208
7
0
0
0
0
0
0
0
0
0
0
149
2
0
0
0
80
108
101
97
115
101
32
119
97
105
116
0
142
0
0
0
0
202
228
255
255
208
7
0
0
0
0
0
0
0
0
0
0
251
199
55
0
24
142
0
0
0
0
201
228
255
255
0
0
0
0
0
0
0
0
0
0
0
0
13
69
3
0
24
149
0
0
0
0
65
100
106
117
115
116
32
116
104
101
32
102
114
111
110
116
32
116
119
111
0
149
1
0
0
0
107
110
111
98
115
32
117
110
116
105
108
32
112
97
112
101
114
32
32
32
0
149
1
0
0
0
106
117
115
116
32
115
108
105
100
101
115
32
98
101
116
119
101
101
110
32
0
149
7
0
0
0
110
111
122
122
108
101
32
97
110
100
32
112
108
97
116
102
111
114
109
0
149
2
0
0
0
80
108
101
97
115
101
32
119
97
105
116
0
142
0
0
0
0
202
228
255
255
208
7
0
0
0
0
0
0
0
0
0
0
13
69
3
0
24
142
0
0
0
0
122
26
0
0
208
7
0
0
0
0
0
0
0
0
0
0
81
129
40
0
24
142
0
0
0
0
122
26
0
0
0
0
0
0
0
0
0
0
0
0
0
0
13
69
3
0
24
149
0
0
0
0
65
100
106
117
115
116
32
116
104
101
32
98
97
99
107
32
116
119
111
32
0
149
1
0
0
0
107
110
111
98
115
32
117
110
116
105
108
32
112
97
112
101
114
32
32
32
0
149
1
0
0
0
106
117
115
116
32
115
108
105
100
101
115
32
98
101
116
119
101
101
110
32
0
149
7
0
0
0
110
111
122
122
108
101
32
97
110
100
32
112
108
97
116
102
111
114
109
0
149
2
0
0
0
80
108
101
97
115
101
32
119
97
105
116
0
142
0
0
0
0
122
26
0
0
208
7
0
0
0
0
0
0
0
0
0
0
13
69
3
0
24

142
25
33
0
0
0
0
0
0
208
7
0
0
0
0
0
0
0
0
0
0
207
249
31
0
24
142
24
33
0
0
0
0
0
0
0
0
0
0
0
0
0
0
0
0
0
0
13
69
3
0
24
149
0
0
0
0
65
100
106
117
115
116
32
116
104
101
32
114
105
103
104
116
32
116
119
111
0
149
1
0
0
0
107
110
111
98
115
32
117
110
116
105
108
32
112
97
112
101
114
32
32
32
0
149
1
0
0
0
106
117
115
116
32
115
108
105
100
101
115
32
98
101
116
119
101
101
110
32
0
149
7
0
0
0
110
111
122
122
108
101
32
97
110
100
32
112
108
97
116
102
111
114
109
0
149
2
0
0
0
80
108
101
97
115
101
32
119
97
105
116
0
142
25
33
0
0
0
0
0
0
208
7
0
0
0
0
0
0
0
0
0
0
13
69
3
0
24
142
231
222
255
255
0
0
0
0
208
7
0
0
0
0
0
0
0
0
0
0
23
240
49
0
24
142
232
222
255
255
0
0
0
0
0
0
0
0
0
0
0
0
0
0
0
0
13
69
3
0
24
149
0
0
0
0
65
100
106
117
115
116
32
116
104
101
32
108
101
102
116
32
116
119
111
32
0
149
1
0
0
0
107
110
111
98
115
32
117
110
116
105
108
32
112
97
112
101
114
32
32
32
0
149
1
0
0
0
106
117
115
116
32
115
108
105
100
101
115
32
98
101
116
119
101
101
110
32
0
149
7
0
0
0
110
111
122
122
108
101
32
97
110
100
32
112
108
97
116
102
111
114
109
0
149
2
0
0
0
80
108
101
97
115
101
32
119
97
105
116
0
142
231
222
255
255
0
0
0
0
208
7
0
0
0
0
0
0
0
0
0
0
13
69
3
0
24
142
0
0
0
0
0
0
0
0
208
7
0
0
0
0
0
0
0
0
0
0
11
248
24
0
24
142
0
0
0
0
0
0
0
0
0
0
0
0
0
0
0
0
0
0
0
0
13
69
3
0
24
149
0
0
0
0
67
104
101
99
107
32
116
104
97
116
32
112
97
112
101
114
32
32
32
32
0
149
1
0
0
0
106
117
115
116
32
115
108
105
100
101
115
32
98
101
116
119
101
101
110
32
0
149
7
0
0
0
110
111
122
122
108
101
32
97
110
100
32
112
108
97
116
102
111
114
109
0
137
31 

